1.000000000 -0.000000001 -0.000000003 -0.000000002 -0.000000001 1.000000119 -0.000000001 0.000000000 -0.000000003 -0.000000001 1.000000000 0.000000000
0.999999762 -0.000662723 0.000168481 -0.001279311 0.000662746 0.999999762 -0.000114744 0.000487681 -0.000168411 0.000114855 1.000000000 0.001071352
1.000000000 -0.000334270 0.000261140 -0.001522602 0.000334358 0.999999940 -0.000320565 0.000459424 -0.000261039 0.000320652 0.999999940 0.001297223
0.999999285 -0.001203077 0.000279855 -0.001617762 0.001203284 0.999999106 -0.000734079 0.001176958 -0.000278980 0.000734415 0.999999583 0.001431918
0.999999046 -0.001399142 0.000356171 -0.001773893 0.001399428 0.999998808 -0.000813618 0.001346587 -0.000355032 0.000814114 0.999999642 0.001180790
0.999998808 -0.001579307 0.000158789 -0.002920993 0.001579449 0.999998331 -0.000913336 0.001079865 -0.000157346 0.000913584 0.999999642 0.003131310
0.999999285 -0.001164610 -0.000315993 -0.001471073 0.001164402 0.999999166 -0.000655275 0.000852289 0.000316751 0.000654906 0.999999762 0.002067869
0.999998868 -0.001290434 -0.000809511 -0.000528644 0.001290057 0.999999106 -0.000464808 0.000729998 0.000810105 0.000463763 0.999999523 0.001500406
0.999997497 -0.002115366 -0.000807742 -0.000389270 0.002114845 0.999997735 -0.000645704 0.001250043 0.000809108 0.000643995 0.999999523 0.001760842
0.999997735 -0.001958577 -0.000786596 -0.000717330 0.001958079 0.999997914 -0.000632043 0.000945640 0.000787829 0.000630502 0.999999523 0.002088700
0.999998927 -0.001194164 -0.000878277 -0.000493122 0.001192866 0.999998212 -0.001475744 0.001058170 0.000880035 0.001474694 0.999998569 0.002113325
0.999998093 -0.001842039 -0.000472232 -0.000531702 0.001841452 0.999997556 -0.001248229 0.001400347 0.000474530 0.001247358 0.999999225 0.001187072
0.999998152 -0.001774817 -0.000482569 -0.001219692 0.001774018 0.999997139 -0.001649408 0.001422852 0.000485485 0.001648551 0.999998569 0.001784379
0.999998033 -0.001892768 -0.000527994 -0.001074208 0.001891700 0.999996185 -0.002022625 0.001763436 0.000531812 0.002021623 0.999997914 0.001967804
0.999997318 -0.002259056 -0.000429452 -0.000553581 0.002258109 0.999995053 -0.002203231 0.002274944 0.000434419 0.002202256 0.999997616 0.000868261
0.999998271 -0.001737802 -0.000196114 -0.000856293 0.001737298 0.999995351 -0.002542272 0.002129123 0.000200524 0.002541929 0.999996841 0.000819246
0.999999344 -0.000892786 -0.000387625 -0.000583467 0.000891639 0.999995291 -0.002951340 0.002160449 0.000390250 0.002950993 0.999995649 0.000471319
0.999997377 -0.002039257 -0.000953083 -0.000277441 0.002036911 0.999994874 -0.002461573 0.002288682 0.000958090 0.002459625 0.999996603 0.000901834
0.999997497 -0.001982928 -0.000958221 -0.000752514 0.001980494 0.999994814 -0.002535516 0.002105732 0.000963243 0.002533611 0.999996424 0.001860326
0.999995351 -0.002707758 -0.001365370 0.000742590 0.002705534 0.999995053 -0.001626470 0.002192897 0.001369766 0.001622770 0.999997735 -0.000344420
0.999996305 -0.002376417 -0.001167288 -0.000577485 0.002373775 0.999994695 -0.002261627 0.001851064 0.001172654 0.002258848 0.999996841 0.001995141
0.999997139 -0.002208898 -0.000800268 -0.000710618 0.002206982 0.999994695 -0.002390015 0.001881064 0.000805541 0.002388242 0.999996901 0.001618907
0.999997020 -0.002212382 -0.000869394 -0.001280733 0.002210122 0.999994159 -0.002594926 0.002234236 0.000875128 0.002592997 0.999996364 0.002542659
0.999995470 -0.002756567 -0.001211558 0.000974912 0.002754387 0.999994695 -0.001797647 0.002270910 0.001216493 0.001794302 0.999997675 -0.000754586
0.999995410 -0.002720748 -0.001243587 0.000578317 0.002718234 0.999994338 -0.002021931 0.002734496 0.001249074 0.002018544 0.999997139 -0.000384424
0.999993980 -0.002977415 -0.001758847 0.001129897 0.002974418 0.999994218 -0.001704277 0.002293570 0.001763907 0.001699037 0.999997020 0.000157784
0.999995410 -0.002627985 -0.001479098 0.000579689 0.002625052 0.999994576 -0.001979915 0.002511131 0.001484279 0.001976025 0.999996901 -0.000038204
0.999995708 -0.002531326 -0.001424694 0.000896830 0.002528704 0.999995112 -0.001837480 0.002254510 0.001429325 0.001833872 0.999997258 -0.000571089
0.999996066 -0.002545614 -0.001192954 0.000560240 0.002543229 0.999994755 -0.001994368 0.002444161 0.001198011 0.001991327 0.999997258 -0.000054631
0.999996901 -0.002413984 -0.000528900 0.000466995 0.002412760 0.999994695 -0.002290491 0.002938455 0.000534419 0.002289210 0.999997199 -0.001341104
0.999996126 -0.002653785 -0.000671646 0.000500001 0.002652494 0.999994695 -0.001914825 0.002412804 0.000676724 0.001913038 0.999997854 -0.000820622
0.999995649 -0.002726291 -0.001074562 0.000628538 0.002724541 0.999994934 -0.001630268 0.002143443 0.001078998 0.001627336 0.999998033 -0.000075037
0.999995768 -0.002669261 -0.001181501 0.000528407 0.002667304 0.999995112 -0.001654599 0.002094069 0.001185900 0.001651443 0.999997973 0.000231414
0.999996424 -0.002529936 -0.000899432 0.000425525 0.002528442 0.999995470 -0.001657652 0.002158507 0.000903610 0.001655374 0.999998271 -0.000108687
0.999996006 -0.002717414 -0.000790043 0.000713301 0.002716081 0.999994874 -0.001682630 0.002113626 0.000794599 0.001680480 0.999998331 -0.000497830
0.999996662 -0.002489048 -0.000611781 0.000512927 0.002487658 0.999994338 -0.002264988 0.002563884 0.000617407 0.002263461 0.999997318 -0.000798388
0.999997020 -0.002282436 -0.000830308 0.000697738 0.002280974 0.999995828 -0.001758222 0.001969625 0.000834309 0.001756325 0.999998212 -0.000365967
0.999995172 -0.002977915 -0.000812268 0.000504357 0.002976278 0.999993503 -0.002011389 0.002563569 0.000818256 0.002008964 0.999997675 -0.000741416
0.999994278 -0.002795639 -0.001911115 0.000196494 0.002791656 0.999993920 -0.002083765 0.001269138 0.001916917 0.002078417 0.999996006 0.003085539
0.999995828 -0.002458737 -0.001472117 0.000148111 0.002455626 0.999994695 -0.002108514 0.001025453 0.001477291 0.002104890 0.999996781 0.002359901
0.999994159 -0.003006437 -0.001656803 -0.000083928 0.003002820 0.999993145 -0.002181993 0.001490189 0.001663348 0.002177004 0.999996305 0.003013114
0.999993145 -0.003362608 -0.001574987 -0.000542029 0.003359693 0.999992728 -0.001849995 0.001371926 0.001581192 0.001844690 0.999997139 0.003385581
0.999994814 -0.003119640 -0.000734141 0.000063592 0.003118280 0.999993503 -0.001848277 0.002506742 0.000739894 0.001845980 0.999998152 -0.000344498
0.999995589 -0.002835103 -0.000810032 0.000385912 0.002833873 0.999994755 -0.001510454 0.002257471 0.000814305 0.001508155 0.999998569 -0.000929978
0.999991953 -0.003646133 -0.001707328 0.000302511 0.003643461 0.999992132 -0.001565937 0.002796554 0.001713017 0.001559706 0.999997318 0.000919479
0.999990642 -0.003946602 -0.001814904 0.000311130 0.003944468 0.999991536 -0.001177457 0.002543838 0.001819528 0.001170290 0.999997675 0.001051397
0.999991596 -0.003727195 -0.001756220 0.000481832 0.003724825 0.999992251 -0.001349182 0.002714660 0.001761218 0.001342628 0.999997497 0.000685121
0.999989867 -0.004067674 -0.001969627 0.000898865 0.004065375 0.999991238 -0.001168377 0.002747857 0.001974346 0.001160358 0.999997318 0.000580242
0.999990642 -0.003957841 -0.001821238 0.000305619 0.003955854 0.999991596 -0.001092617 0.002452410 0.001825542 0.001085403 0.999997735 0.000973855
0.999990404 -0.004023884 -0.001742731 -0.000008861 0.004021707 0.999991238 -0.001252587 0.002634244 0.001747758 0.001245570 0.999997616 0.000990756
0.999992430 -0.003709202 -0.001237413 -0.000317850 0.003707670 0.999992490 -0.001240310 0.002429519 0.001242006 0.001235717 0.999998391 0.001030853
0.999992311 -0.003775138 -0.001058425 -0.000424301 0.003773614 0.999991894 -0.001436336 0.002929252 0.001063828 0.001432333 0.999998450 0.000549261
0.999991179 -0.003893312 -0.001533011 -0.000033466 0.003891167 0.999991477 -0.001400813 0.002812969 0.001538455 0.001394839 0.999997854 0.000837946
0.999991655 -0.003983907 -0.000889861 -0.000753305 0.003982692 0.999991179 -0.001361652 0.002634524 0.000895267 0.001358101 0.999998689 0.001350535
0.999990404 -0.004380764 -0.000330428 -0.001653710 0.004380156 0.999988854 -0.001815336 0.003383249 0.000338372 0.001813874 0.999998331 0.001288148
0.999989212 -0.004646793 -0.000353404 -0.001033816 0.004646362 0.999988496 -0.001198829 0.003055721 0.000358955 0.001197175 0.999999225 0.000492928
0.999989986 -0.004464784 -0.000465319 -0.000946258 0.004464114 0.999989033 -0.001422548 0.003027313 0.000471650 0.001420457 0.999998927 0.000756936
0.999987245 -0.004952706 -0.001018775 -0.000259483 0.004951472 0.999987066 -0.001212544 0.003079720 0.001024768 0.001207486 0.999998689 0.000233075
0.999987543 -0.004970564 -0.000530440 -0.001109382 0.004969747 0.999986529 -0.001531801 0.003452238 0.000538048 0.001529148 0.999998689 0.000602147
0.999989092 -0.004698102 -0.000108283 -0.001159184 0.004697949 0.999988317 -0.001369732 0.003149637 0.000114708 0.001369212 0.999998927 0.000168698
0.999989033 -0.004711226 -0.000190425 -0.001097461 0.004710916 0.999987841 -0.001590042 0.003474813 0.000197904 0.001589131 0.999998629 0.000109655
0.999986529 -0.005201452 -0.000264753 -0.001357450 0.005201039 0.999985397 -0.001536220 0.003427774 0.000272731 0.001534826 0.999998629 0.000457744
0.999985754 -0.005339672 0.000167069 -0.002034808 0.005339968 0.999984205 -0.001842883 0.003900087 -0.000157231 0.001843750 0.999998212 0.000479269
0.999986172 -0.005284817 0.000127936 -0.001612265 0.005284994 0.999984980 -0.001494592 0.003390968 -0.000120044 0.001495249 0.999998748 -0.000020162
0.999987364 -0.005021192 0.000247913 -0.001601692 0.005021558 0.999986470 -0.001477737 0.003323075 -0.000240498 0.001478962 0.999998808 -0.000219328
0.999987483 -0.005021798 -0.000547510 -0.000537713 0.005021061 0.999986649 -0.001341532 0.003093098 0.000554222 0.001338767 0.999998748 0.000096175
0.999981582 -0.005946344 -0.001332294 -0.000127494 0.005944604 0.999981582 -0.001307309 0.003485344 0.001340025 0.001299367 0.999998093 0.001108471
0.999985456 -0.005382999 -0.000569411 -0.000965821 0.005382203 0.999984682 -0.001397536 0.003331140 0.000576917 0.001394450 0.999998748 0.000477017
0.999990165 -0.004422155 -0.000444824 -0.000589390 0.004421504 0.999989450 -0.001457346 0.002883561 0.000451262 0.001455368 0.999998927 0.000096313
0.999988914 -0.004711340 -0.000283734 -0.000729467 0.004710763 0.999987066 -0.001982853 0.003578175 0.000293074 0.001981496 0.999997795 0.000213180
0.999987304 -0.005039131 -0.000276507 -0.000524363 0.005038612 0.999985695 -0.001830050 0.003579121 0.000285726 0.001828634 0.999998093 -0.000121511
0.999987483 -0.004996620 -0.000547242 -0.000335909 0.004995672 0.999986172 -0.001711438 0.003192901 0.000555763 0.001708686 0.999998212 0.000106832
0.999989390 -0.004563603 0.000696398 -0.002155159 0.004564406 0.999988973 -0.001158430 0.002461036 -0.000691115 0.001161598 0.999999106 -0.000307455
0.999989986 -0.004446768 0.000487544 -0.002265468 0.004447259 0.999989569 -0.001026065 0.002296852 -0.000482974 0.001028226 0.999999404 0.000236441
0.999987543 -0.004897996 -0.000845207 -0.000648010 0.004897240 0.999987602 -0.000901552 0.002197356 0.000849605 0.000897404 0.999999285 0.000145096
0.999988735 -0.004693043 -0.000697965 -0.001071406 0.004692437 0.999988616 -0.000873102 0.002000910 0.000702041 0.000869820 0.999999464 0.000688018
0.999990284 -0.004339993 -0.000752034 -0.000952232 0.004339328 0.999990284 -0.000888531 0.002140796 0.000755871 0.000885262 0.999999404 0.000805559
0.999986768 -0.005089870 -0.000976278 -0.000724366 0.005088900 0.999986708 -0.000990205 0.002869624 0.000981287 0.000985227 0.999998868 0.000788887
0.999985218 -0.004960795 -0.002225328 0.000159713 0.004960866 0.999987721 0.000022467 0.001192532 0.002225186 -0.000033506 0.999997556 0.001460430
0.999987841 -0.004525787 -0.001933714 -0.000064682 0.004524421 0.999989569 -0.000707624 0.001559780 0.001936884 0.000698867 0.999997914 0.001392951
0.999991059 -0.003935764 -0.001430697 -0.000255326 0.003935134 0.999992073 -0.000451842 0.001163544 0.001432458 0.000446211 0.999998808 0.000839812
0.999988854 -0.004341892 -0.001819080 -0.000038315 0.004341809 0.999990582 -0.000051870 0.000981417 0.001819278 0.000043972 0.999998391 0.001406221
0.999987841 -0.004376039 -0.002276733 0.000503542 0.004375576 0.999990463 -0.000209764 0.001094322 0.002277620 0.000199800 0.999997437 0.000897195
0.999987245 -0.004241128 -0.002756591 0.000517488 0.004241297 0.999991119 0.000053799 0.000728874 0.002756329 -0.000065490 0.999996245 0.001758152
0.999981165 -0.005144063 -0.003368742 0.000377527 0.005150707 0.999984860 0.001965889 -0.001524438 0.003358567 -0.001983200 0.999992430 0.002770907
0.999981880 -0.004949780 -0.003459917 0.000673510 0.004954463 0.999986827 0.001345803 -0.000983171 0.003453198 -0.001362918 0.999993145 0.002920204
0.999985695 -0.004663514 -0.002579793 -0.000532790 0.004662291 0.999988973 -0.000480882 0.001163831 0.002581996 0.000468848 0.999996543 0.002885140
0.999985158 -0.004886885 -0.002370942 -0.000515156 0.004885430 0.999987900 -0.000619569 0.001398196 0.002373930 0.000607978 0.999997020 0.002366981
0.999985933 -0.004386353 -0.002944921 0.000056537 0.004385157 0.999990404 -0.000411987 0.000924782 0.002946689 0.000399068 0.999995649 0.002387754
0.999987662 -0.003760909 -0.003228468 0.001083759 0.003761548 0.999993026 0.000191331 -0.000049007 0.003227705 -0.000203472 0.999994755 0.001490153
0.999986351 -0.004625111 -0.002482364 0.000484397 0.004624049 0.999989212 -0.000433075 0.001484470 0.002484333 0.000421592 0.999996841 0.000732951
0.999985516 -0.005008900 -0.001999361 0.000196334 0.005007327 0.999987066 -0.000790185 0.002088503 0.002003289 0.000780164 0.999997675 0.000278751
0.999986947 -0.004751073 -0.001817993 -0.000620310 0.004749416 0.999988377 -0.000915647 0.001047611 0.001822322 0.000907000 0.999997914 0.001575066
0.999984026 -0.005549654 -0.001028526 -0.000984581 0.005547169 0.999981880 -0.002414840 0.003114964 0.001041910 0.002409096 0.999996543 0.000119647
0.999935210 -0.011326747 -0.001131129 -0.001052548 0.011318159 0.999909043 -0.007328561 0.011923733 0.001214023 0.007315287 0.999972403 -0.000137104
0.999897480 -0.014262995 -0.001180379 -0.000259207 0.014250547 0.999848962 -0.009949451 0.014451913 0.001322103 0.009931609 0.999949753 -0.001056360
0.999823928 -0.018197667 -0.004566725 0.000632150 0.018148014 0.999778152 -0.010688320 0.016481619 0.004760197 0.010603562 0.999932468 0.002927712
0.999854922 -0.016515657 -0.004151588 0.000377237 0.016461475 0.999783039 -0.012764920 0.017107757 0.004361510 0.012694731 0.999909937 0.002897536
0.999882340 -0.014596738 -0.004719321 0.001445674 0.014531509 0.999802351 -0.013574753 0.016791549 0.004916537 0.013504578 0.999896705 0.002446669
0.999887109 -0.013900061 -0.005700581 0.002483967 0.013822000 0.999813199 -0.013511409 0.016335512 0.005887318 0.013431095 0.999892354 0.002708886
0.999886870 -0.013735175 -0.006121303 0.003269470 0.013654912 0.999822557 -0.012965386 0.015891122 0.006298293 0.012880336 0.999897182 0.002738412
0.999906003 -0.011221865 -0.007878645 0.005352824 0.011133286 0.999875128 -0.011198513 0.014038550 0.008003324 0.011109747 0.999906242 0.003653234
0.999877095 -0.013480783 -0.008016038 0.004376252 0.013413897 0.999875188 -0.008339912 0.012167374 0.008127456 0.008231359 0.999933004 0.002798305
0.999906540 -0.011557383 -0.007308150 0.004443191 0.011495190 0.999897778 -0.008495597 0.012245334 0.007405579 0.008410797 0.999937236 0.001954322
0.999955714 -0.008144774 -0.004716245 0.002664048 0.008106665 0.999934852 -0.008042994 0.010889585 0.004781439 0.008004405 0.999956429 -0.000746858
0.999943495 -0.009288187 -0.005208955 0.002637823 0.009246348 0.999925077 -0.007999800 0.010230950 0.005282859 0.007951181 0.999954402 0.000225907
0.999945939 -0.008704691 -0.005694482 0.003361377 0.008658367 0.999929607 -0.008108677 0.010422175 0.005764660 0.008058934 0.999950886 0.000172511
0.999820828 -0.015615494 -0.010699614 0.008287825 0.015581639 0.999873340 -0.003241132 0.006445040 0.010748864 0.003073834 0.999937475 -0.002201250
0.999662519 -0.021379532 -0.014760441 0.009875819 0.021364601 0.999771059 -0.001169888 0.007505313 0.014782070 0.000854142 0.999890387 -0.005121609
0.999645174 -0.021691667 -0.015459954 0.010821661 0.021647142 0.999761164 -0.003042076 0.008216213 0.015522239 0.002706332 0.999875844 -0.005494192
0.999680996 -0.020507814 -0.014743160 0.011503285 0.020458080 0.999784470 -0.003516699 0.008698191 0.014812100 0.003213960 0.999885023 -0.007732145
0.999657333 -0.021481032 -0.014960377 0.008326015 0.021420432 0.999761760 -0.004199614 0.006590764 0.015047022 0.003877721 0.999879241 -0.000509612
0.999596119 -0.023864949 -0.015429729 0.007954281 0.023809530 0.999709368 -0.003765849 0.006295042 0.015515109 0.003396950 0.999873817 0.000825030
0.999632478 -0.022387454 -0.015289105 0.006235541 0.022346051 0.999746203 -0.002873666 0.004306022 0.015349549 0.002530960 0.999878943 0.004931075
0.999557614 -0.025125589 -0.015913730 0.006731760 0.025112001 0.999684095 -0.001053739 0.004592724 0.015935166 0.000653649 0.999872804 0.004004086
0.999455810 -0.028716458 -0.016232848 0.005600200 0.028747534 0.999585330 0.001684367 0.003420028 0.016177734 -0.002150103 0.999866843 0.005460693
0.999314070 -0.032565460 -0.017634196 0.006466547 0.032620162 0.999463856 0.002823349 0.003930965 0.017532781 -0.003396641 0.999840558 0.004483033
0.999300659 -0.032835703 -0.017891865 0.006862493 0.032880560 0.999456704 0.002218416 0.004905058 0.017809300 -0.002805158 0.999837518 0.002195209
0.999279022 -0.033320278 -0.018197181 0.006568411 0.033361834 0.999441385 0.001984586 0.004440948 0.018120876 -0.002590245 0.999832451 0.003705524
0.999296308 -0.032747362 -0.018291596 0.006187158 0.032789264 0.999460280 0.001995462 0.004005447 0.018216373 -0.002593828 0.999830723 0.004831969
0.999096334 -0.037201613 -0.020553751 0.005204528 0.037279543 0.999298990 0.003420616 0.002839551 0.020412087 -0.004183759 0.999782920 0.007898279
0.998981297 -0.039692838 -0.021468673 0.007637335 0.039798655 0.999197543 0.004524380 0.005287784 0.021271845 -0.005374192 0.999759257 0.001350965
0.998869419 -0.041715547 -0.022800945 0.007765703 0.041862283 0.999105453 0.005995630 0.005154427 0.022530425 -0.006943349 0.999722004 0.001099314
0.998864830 -0.041621018 -0.023170514 0.008823077 0.041755412 0.999113560 0.005347223 0.008093693 0.022927402 -0.006308646 0.999717236 -0.000823172
0.998914838 -0.040854409 -0.022360118 0.009071805 0.041008033 0.999137938 0.006455188 0.006752810 0.022077110 -0.007365127 0.999729156 -0.003399817
0.998786688 -0.043330628 -0.023404367 0.009515418 0.043503135 0.999029279 0.006912651 0.008672474 0.023082122 -0.007922424 0.999702215 -0.006216781
0.998502374 -0.046565820 -0.028714336 0.018167349 0.046920024 0.998828948 0.011786994 0.010346059 0.028131843 -0.013116620 0.999518156 -0.020941708
0.998247623 -0.048294675 -0.034196399 0.026143404 0.048757710 0.998727977 0.012838010 0.009999663 0.033532906 -0.014482848 0.999332666 -0.020904522
0.998209715 -0.048059840 -0.035610087 0.030776521 0.048576880 0.998723984 0.013799001 0.009294844 0.034901489 -0.015504114 0.999270499 -0.023117324
0.998057842 -0.049771938 -0.037461065 0.032424010 0.050422005 0.998589873 0.016612278 0.007015666 0.036581416 -0.018468877 0.999159992 -0.021749696
0.997940361 -0.050066251 -0.040103506 0.042484563 0.050832704 0.998539090 0.018325305 0.009353758 0.039127436 -0.020326130 0.999027491 -0.034852523
0.997694254 -0.051222377 -0.044524889 0.051353063 0.052222889 0.998401821 0.021604750 0.007854419 0.043347061 -0.023880152 0.998774648 -0.040689785
0.997813165 -0.048065640 -0.045372359 0.054934092 0.049249806 0.998464704 0.025351150 0.001847570 0.044084191 -0.027530285 0.998648405 -0.044767104
0.998188794 -0.044352390 -0.040644281 0.050256379 0.045298770 0.998716235 0.022666965 0.004435976 0.039586764 -0.024467042 0.998916566 -0.048962276
0.998153687 -0.045255713 -0.040512912 0.049724881 0.046236839 0.998651266 0.023616759 0.004487959 0.039389469 -0.025446337 0.998899877 -0.049856998
0.998090267 -0.046848174 -0.040263206 0.046337169 0.047754478 0.998620093 0.021849830 0.008469183 0.039184023 -0.023730850 0.998950124 -0.046105966
0.998024464 -0.046101056 -0.042684883 0.051606011 0.047138464 0.998609006 0.023624534 0.005053412 0.041536380 -0.025589960 0.998809218 -0.047870629
0.997978270 -0.046460617 -0.043369748 0.052136607 0.047538061 0.998577356 0.024150960 0.005253408 0.042185962 -0.026163843 0.998767138 -0.049042266
0.997955084 -0.046288244 -0.044081006 0.052479487 0.047364656 0.998596609 0.023695419 0.005055256 0.042922299 -0.025734840 0.998746932 -0.047859479
0.997890234 -0.049129289 -0.042442370 0.045930754 0.050202355 0.998436093 0.024597649 0.006818662 0.041167531 -0.026676457 0.998796105 -0.046696045
0.997862875 -0.049225099 -0.042971868 0.045882944 0.050350789 0.998405516 0.025517939 0.006573865 0.041647233 -0.027627071 0.998750329 -0.046348087
0.997783303 -0.048737437 -0.045314975 0.046812415 0.049976446 0.998395503 0.026622688 0.006498097 0.043944728 -0.028828347 0.998617947 -0.047542904
0.997690499 -0.049145624 -0.046886414 0.049306642 0.050413579 0.998383224 0.026254496 0.008830546 0.045520317 -0.028557578 0.998555183 -0.050946049
0.997557223 -0.049863312 -0.048921380 0.052188221 0.051218908 0.998326182 0.026858423 0.009050870 0.047500238 -0.029298510 0.998441458 -0.052306518
0.997350574 -0.051940709 -0.050930124 0.053436421 0.053409904 0.998182118 0.027922887 0.009566088 0.049387220 -0.030569088 0.998311758 -0.053501926
0.997211814 -0.050947588 -0.054524314 0.058553819 0.052438453 0.998278677 0.026269931 0.011401421 0.053092070 -0.029055856 0.998166859 -0.050323032
0.997008622 -0.052688077 -0.056548711 0.059770435 0.054318454 0.998139620 0.027691394 0.010572374 0.054984517 -0.030680196 0.998015702 -0.050401285
0.996882856 -0.054027528 -0.057495151 0.060574658 0.055731032 0.998040318 0.028448412 0.010500949 0.055845495 -0.031563994 0.997940361 -0.051468458
0.996679068 -0.055794753 -0.059310954 0.062301811 0.057573356 0.997928202 0.028713014 0.011299080 0.057586055 -0.032032400 0.997826517 -0.052353337
0.996507168 -0.057264470 -0.060781065 0.064134285 0.059204750 0.997776449 0.030615315 0.010223158 0.058892734 -0.034106910 0.997681439 -0.056243036
0.996227324 -0.059715189 -0.062969677 0.068163015 0.061714396 0.997634113 0.030295227 0.013012654 0.061011583 -0.034067068 0.997555494 -0.061090648
0.996056199 -0.061013967 -0.064416632 0.069211952 0.063071035 0.997545958 0.030396756 0.013045347 0.062403910 -0.034339692 0.997459948 -0.061604481
0.996058404 -0.059357412 -0.065911561 0.066035978 0.061436761 0.997660697 0.029980352 0.011625635 0.063977793 -0.033911578 0.997374892 -0.055799451
0.995902777 -0.059628718 -0.067984551 0.067670725 0.061799601 0.997628868 0.030287333 0.010982269 0.066017345 -0.034364652 0.997226536 -0.055461347
0.995776832 -0.060999833 -0.068609700 0.068053178 0.063094832 0.997592092 0.028792169 0.014288184 0.066688173 -0.032999489 0.997228026 -0.060007274
0.995337486 -0.063503698 -0.072599187 0.071557231 0.065805927 0.997388244 0.029769858 0.013231517 0.070519060 -0.034408502 0.996916771 -0.057780303
0.995012403 -0.066228412 -0.074592434 0.073433317 0.068655051 0.997175634 0.030449308 0.014642053 0.072365150 -0.035418585 0.996749163 -0.058501113
0.994769275 -0.066720560 -0.077347495 0.077830568 0.069333032 0.997093201 0.031594258 0.012910612 0.075014628 -0.036791738 0.996503532 -0.062199600
0.994636655 -0.067270987 -0.078566723 0.079347514 0.069943443 0.997044921 0.031770486 0.012975727 0.076197296 -0.037095312 0.996402502 -0.064400092
0.994441390 -0.068504564 -0.079958998 0.079660565 0.071264535 0.996938050 0.032186113 0.013637351 0.077509232 -0.037705455 0.996278405 -0.065863147
0.994060397 -0.071938381 -0.081663989 0.082713090 0.074890263 0.996622920 0.033674318 0.014351585 0.078965716 -0.039590135 0.996091008 -0.070274346
0.993684053 -0.071816579 -0.086224496 0.088864438 0.074851267 0.996665239 0.032489773 0.015292930 0.083603635 -0.038738579 0.995745957 -0.068026014
0.993390143 -0.072632417 -0.088885911 0.091898255 0.075969294 0.996504426 0.034747709 0.012318688 0.086051382 -0.041270617 0.995435596 -0.070248283
0.993072510 -0.074461602 -0.090897731 0.091117434 0.077847384 0.996375620 0.034284312 0.013794629 0.088015378 -0.041122966 0.995269954 -0.066684067
0.992680430 -0.078308679 -0.091943532 0.092444159 0.081951059 0.995966852 0.036526222 0.013326021 0.088712357 -0.043793738 0.995094180 -0.074813567
0.992223680 -0.080991082 -0.094514914 0.092761256 0.084795170 0.995713294 0.036944922 0.013937639 0.091117546 -0.044672027 0.994837701 -0.072521463
0.992246091 -0.079822719 -0.095270179 0.093453050 0.083563469 0.995854318 0.035936758 0.014091018 0.092006646 -0.043619219 0.994802594 -0.073842309
0.991803050 -0.083167292 -0.097006015 0.091845736 0.087246738 0.995439053 0.038591158 0.013331131 0.093354039 -0.046738282 0.994535327 -0.073162429
0.991546750 -0.085917562 -0.097229093 0.091747895 0.090183511 0.995107114 0.040357888 0.013478058 0.093285903 -0.048785187 0.994443476 -0.076312512
0.991209745 -0.087774031 -0.098990224 0.091772601 0.092151679 0.994919240 0.040544923 0.013692234 0.094928473 -0.049310643 0.994262099 -0.075144298
0.991022825 -0.090385757 -0.098510444 0.089286715 0.094618753 0.994742572 0.039170869 0.016532706 0.094452031 -0.048140157 0.994364738 -0.077055819
0.990338981 -0.091511242 -0.104185447 0.098573774 0.096259393 0.994491458 0.041486207 0.014536704 0.099815056 -0.051114228 0.993692279 -0.076535381
0.989696264 -0.095789783 -0.106422760 0.098247275 0.100835696 0.993970037 0.043078199 0.015189705 0.101654552 -0.053365532 0.993387401 -0.076487981
0.989312112 -0.097088009 -0.108791821 0.099972978 0.102431789 0.993737698 0.044644549 0.012900532 0.103776067 -0.055311132 0.993061602 -0.076802038
0.989021122 -0.099038333 -0.109675258 0.096608236 0.104532264 0.993479371 0.045517143 0.012006123 0.104452126 -0.056482017 0.992924809 -0.075493373
0.988860130 -0.100494049 -0.109802738 0.096046105 0.105923750 0.993365824 0.044775311 0.013945617 0.104574583 -0.055907242 0.992944479 -0.079331495
0.988454700 -0.101656497 -0.112353541 0.096015930 0.107240237 0.993222833 0.044810005 0.012938176 0.107036874 -0.056341477 0.992657423 -0.075476982
0.988164544 -0.103502251 -0.113217942 0.095803127 0.108886190 0.993148029 0.042435180 0.015689058 0.108050041 -0.054260802 0.992663622 -0.076242819
0.987688422 -0.105532110 -0.115476295 0.096998237 0.111154601 0.992856443 0.043367110 0.014888884 0.110074773 -0.055668913 0.992363155 -0.076150209
0.987607360 -0.105939157 -0.115795538 0.095155768 0.111844525 0.992672861 0.045732088 0.011791619 0.110102244 -0.058116440 0.992219746 -0.076939672
0.987329781 -0.106311239 -0.117804043 0.096045636 0.112344198 0.992613494 0.045794681 0.011775442 0.112065367 -0.058449045 0.991980433 -0.076711580
0.987025797 -0.107255645 -0.119484097 0.096886918 0.113150612 0.992617428 0.043677215 0.013537514 0.113917373 -0.056630220 0.991874874 -0.076211095
0.986743152 -0.109493315 -0.119789317 0.095367305 0.115452588 0.992339194 0.043973159 0.014305407 0.114056870 -0.057220180 0.991825044 -0.079004019
0.986509800 -0.109859414 -0.121365488 0.094375163 0.115749151 0.992365658 0.042573251 0.015340797 0.115761876 -0.056046862 0.991694450 -0.077624366
0.985961318 -0.110943057 -0.124789454 0.096466973 0.117166094 0.992152214 0.043664202 0.013603736 0.118965879 -0.057672288 0.991221964 -0.075070828
0.985494494 -0.112761840 -0.126829535 0.098788910 0.119298242 0.991831183 0.045155410 0.013131484 0.120701678 -0.059630927 0.990896165 -0.076319806
0.984927893 -0.116128951 -0.128185242 0.102742895 0.122877911 0.991353631 0.046035055 0.015165292 0.121730879 -0.061092321 0.990681231 -0.082350120
0.984873712 -0.115963504 -0.128748879 0.102345601 0.123111501 0.991182506 0.048996683 0.009376363 0.121931806 -0.064106010 0.990466058 -0.084139951
0.984397829 -0.117578641 -0.130906209 0.102011397 0.124660105 0.991073549 0.047255408 0.011446252 0.124181464 -0.062836908 0.990267873 -0.081723452
0.983862519 -0.119530290 -0.133143544 0.101994909 0.127014443 0.990680814 0.049182642 0.009208264 0.126023918 -0.065300107 0.989875674 -0.080843061
0.983470082 -0.119748577 -0.135819152 0.104835577 0.126936093 0.990865648 0.045524564 0.012977943 0.129127041 -0.062012397 0.989687145 -0.080367915
0.982986510 -0.120959952 -0.138224959 0.104115605 0.128196150 0.990742207 0.044673104 0.012439300 0.131541654 -0.061632972 0.989392817 -0.077307656
0.982744455 -0.120691754 -0.140167207 0.101822175 0.127928853 0.990816176 0.043790758 0.010980935 0.133594766 -0.060966559 0.989158988 -0.073833950
0.982677162 -0.125031039 -0.136794835 0.095544912 0.132309571 0.990166247 0.045440730 0.009494928 0.129768133 -0.062752835 0.989556611 -0.080825143
0.982280791 -0.127617344 -0.137252465 0.090312392 0.134697035 0.989929080 0.043556105 0.011610031 0.130311683 -0.061271828 0.989578009 -0.078013904
0.981956720 -0.127113268 -0.140010849 0.090721011 0.134849429 0.989741802 0.047189157 0.005308800 0.132576197 -0.065218106 0.989024818 -0.076579660
0.981727302 -0.125783712 -0.142793566 0.092348449 0.132935286 0.990248740 0.041661747 0.010767301 0.136160791 -0.059882786 0.988875210 -0.073970795
0.981680214 -0.126432240 -0.142544091 0.088139683 0.133272365 0.990293324 0.039467331 0.012350306 0.136170536 -0.057741486 0.989001274 -0.074364364
0.981144428 -0.129336432 -0.143624038 0.081513397 0.136403561 0.989826798 0.040459398 0.010851640 0.136930034 -0.059287336 0.988804936 -0.069047876
0.981000900 -0.130526409 -0.143527910 0.078960583 0.137207747 0.989826918 0.037639953 0.013868938 0.137154758 -0.056617968 0.988930225 -0.069817998
0.980723679 -0.130383596 -0.145538256 0.079655811 0.137304068 0.989779651 0.038521606 0.012169180 0.139028192 -0.057762049 0.988602400 -0.067823976
0.980292678 -0.132556826 -0.146476090 0.079196207 0.139681101 0.989411294 0.039427154 0.012113555 0.139698744 -0.059110094 0.988428235 -0.067096733
0.980029106 -0.134056240 -0.146874472 0.081246801 0.140895754 0.989327133 0.037150539 0.015748842 0.140326649 -0.057102606 0.988457203 -0.070965350
0.979702473 -0.135448053 -0.147773579 0.079124622 0.142553762 0.989035904 0.038554199 0.014442611 0.140931278 -0.058837332 0.988269508 -0.070355974
0.979375482 -0.135732681 -0.149667308 0.081106171 0.143315524 0.988825381 0.041049793 0.010715742 0.142423019 -0.061652828 0.987883866 -0.071355566
0.979239047 -0.136060178 -0.150261655 0.081470139 0.143661737 0.988781333 0.040898181 0.011130238 0.143011287 -0.061635952 0.987799942 -0.072514571
0.978888333 -0.137603864 -0.151138246 0.082868911 0.145210102 0.988573670 0.040445879 0.011573886 0.143845797 -0.061538801 0.987684786 -0.074394129
0.978769720 -0.136696994 -0.152720958 0.082431644 0.144157827 0.988791883 0.038844910 0.012195444 0.145699292 -0.060036153 0.987505555 -0.073269852
0.978537500 -0.137302861 -0.153662756 0.082596682 0.144901067 0.988663912 0.039338086 0.010118571 0.146519586 -0.060759705 0.987339973 -0.074053168
0.978303969 -0.139651656 -0.153032258 0.076888368 0.147092402 0.988378048 0.038374037 0.013003274 0.145894721 -0.060051348 0.987475872 -0.073158823
0.978004634 -0.140520766 -0.154146150 0.076662771 0.148046076 0.988233805 0.038420394 0.012757996 0.146933585 -0.060396053 0.987300873 -0.072542213
0.977766454 -0.140956268 -0.155255497 0.075720794 0.148478687 0.988188505 0.037912536 0.013159859 0.148077682 -0.060121734 0.987146616 -0.070792921
0.977402985 -0.144035801 -0.154716179 0.074658386 0.151811048 0.987615347 0.039612144 0.012946889 0.147094488 -0.062204652 0.987164557 -0.075901620
0.977127612 -0.143589184 -0.156856269 0.079657368 0.151502118 0.987661302 0.039650716 0.013160125 0.149227440 -0.062507868 0.986825228 -0.078239329
0.977578223 -0.139668196 -0.157587186 0.075970702 0.147199765 0.988409936 0.037121620 0.014117246 0.150576025 -0.059486091 0.986807108 -0.076011792
0.977272391 -0.140381783 -0.158844829 0.078935072 0.148087054 0.988255560 0.037699435 0.014458355 0.151686952 -0.060365483 0.986583591 -0.079140194
0.977276206 -0.141254574 -0.158046186 0.077264905 0.148852915 0.988157213 0.037259605 0.015719768 0.150911361 -0.059938554 0.986728489 -0.082967289
0.976680458 -0.141669348 -0.161323577 0.082201876 0.149392068 0.988095701 0.036730383 0.016529955 0.154199570 -0.059974305 0.986217797 -0.082143173
0.976346970 -0.142483070 -0.162620336 0.082193315 0.150490165 0.987882316 0.037966687 0.014783996 0.155240104 -0.061541405 0.985958040 -0.080109440
0.976045847 -0.143793046 -0.163273454 0.082183361 0.151422128 0.987841606 0.035218269 0.018196100 0.156224176 -0.059097845 0.985952079 -0.078734942
0.976244032 -0.143952429 -0.161942676 0.071372405 0.151329547 0.987894535 0.034115709 0.016861485 0.155071229 -0.057811964 0.986210287 -0.073050909
0.976248562 -0.142194405 -0.163461536 0.067846693 0.149578810 0.988174498 0.033728227 0.014669447 0.156732544 -0.057377506 0.985973001 -0.068433218
0.976284802 -0.145130470 -0.160640225 0.060116071 0.151922092 0.987913430 0.030770129 0.019483970 0.154232964 -0.054445196 0.986533284 -0.069241703
0.976498187 -0.143192440 -0.161081716 0.059025101 0.150217056 0.988127172 0.032246798 0.013854013 0.154551715 -0.055686150 0.986414194 -0.068456799
0.976290584 -0.143334329 -0.162209913 0.055465117 0.150292575 0.988142610 0.031406906 0.013966314 0.155784845 -0.055041205 0.986256361 -0.066272132
0.975831449 -0.145551175 -0.162996456 0.058605816 0.152453735 0.987836719 0.030604349 0.016455494 0.156559318 -0.054714113 0.986151814 -0.071861103
0.975023746 -0.146221563 -0.167176276 0.066374972 0.153457895 0.987664163 0.031148750 0.015588515 0.160559341 -0.056025296 0.985434771 -0.073217690
0.974094570 -0.149229854 -0.169911951 0.068880662 0.156807512 0.987110257 0.032011013 0.015737329 0.162944809 -0.057825241 0.984939158 -0.073694453
0.973638713 -0.149684072 -0.172111347 0.074529655 0.157734469 0.986895680 0.034012038 0.013061765 0.164764822 -0.060263328 0.984490037 -0.077818535
0.973208427 -0.151654229 -0.172819331 0.073758222 0.159318283 0.986731231 0.031292379 0.018344181 0.165780574 -0.057987288 0.984456241 -0.078552134
0.972964764 -0.150564224 -0.175128311 0.070600696 0.158507958 0.986832201 0.032211058 0.014526881 0.167972326 -0.059099454 0.984018445 -0.073634349
0.973487914 -0.149733648 -0.172919169 0.064593516 0.157380104 0.987041652 0.031311188 0.013902973 0.165990099 -0.057695109 0.984438121 -0.075704418
0.973225713 -0.150824815 -0.173445687 0.065164030 0.158258423 0.986948609 0.029777981 0.015426612 0.166690707 -0.056429941 0.984393120 -0.078672513
0.972090185 -0.152074873 -0.178644389 0.071846440 0.159723788 0.986731052 0.029158292 0.016969372 0.171839699 -0.056878250 0.983481526 -0.077141091
0.971505940 -0.152743816 -0.181233197 0.075176060 0.160609692 0.986578226 0.029462378 0.017324444 0.174300522 -0.057730675 0.982998669 -0.076603189
0.971050978 -0.154424146 -0.182244256 0.075589553 0.162421241 0.986274123 0.029711727 0.017506154 0.175154582 -0.058451928 0.982804239 -0.076631397
0.971237659 -0.154206648 -0.181432188 0.071501367 0.162309766 0.986265063 0.030604934 0.014950648 0.174220741 -0.059172869 0.982927024 -0.075842984
0.971322656 -0.154031560 -0.181125954 0.056899913 0.161509693 0.986496270 0.027199347 0.015659859 0.174490541 -0.055672940 0.983083665 -0.063713573
0.971368074 -0.153154254 -0.181625694 0.056335781 0.160381719 0.986720204 0.025708364 0.015492923 0.175276443 -0.054101724 0.983031631 -0.062733658
0.971296966 -0.155275747 -0.180199355 0.054802518 0.162073463 0.986497939 0.023542043 0.018023761 0.174110785 -0.052071847 0.983348370 -0.065597974
0.971029937 -0.154764727 -0.182068244 0.059908155 0.162035361 0.986451030 0.025668131 0.014400088 0.175628915 -0.054426011 0.982950866 -0.067911088
0.970703006 -0.155459732 -0.183215737 0.058438506 0.163057938 0.986245096 0.027068812 0.011779328 0.176487535 -0.056150556 0.982699990 -0.067324705
0.970702350 -0.154186800 -0.184291869 0.063246734 0.161368236 0.986589313 0.024534361 0.013813692 0.178037539 -0.053554412 0.982565284 -0.069787711
0.969931543 -0.155412212 -0.187296554 0.071802333 0.163252920 0.986212134 0.027094627 0.011964745 0.180503309 -0.056856636 0.981929719 -0.074069560
0.969787717 -0.155523688 -0.187947080 0.067298241 0.163785666 0.986064851 0.029162006 0.008782146 0.180792585 -0.059063997 0.981746078 -0.072707176
0.969520569 -0.155934736 -0.188982084 0.068324067 0.164295599 0.985975444 0.029315660 0.008159589 0.181760326 -0.059471048 0.981542885 -0.073614389
0.969589531 -0.155953944 -0.188612133 0.067794703 0.164247334 0.985990703 0.029072171 0.007087878 0.181435838 -0.059167102 0.981621206 -0.076480202
0.968393385 -0.157127857 -0.193713725 0.078738764 0.165832654 0.985713661 0.029467128 0.007043163 0.186316088 -0.060659833 0.980615437 -0.079733774
0.967963398 -0.157179922 -0.195809737 0.082230985 0.165773094 0.985760868 0.028192973 0.008554622 0.188590229 -0.059749749 0.980236590 -0.081418663
0.967337906 -0.158563033 -0.197775573 0.080599219 0.166895747 0.985629380 0.026091322 0.010963072 0.190796286 -0.058247026 0.979900062 -0.078281052
0.967444122 -0.158817366 -0.197050706 0.079508148 0.168013930 0.985304773 0.030756464 0.005166036 0.189270303 -0.062862419 0.979910672 -0.083770581
0.967646658 -0.155660301 -0.198569462 0.079550043 0.164565042 0.985938251 0.029054658 0.002505246 0.191254556 -0.060792230 0.979656100 -0.081181355
0.966875970 -0.155689374 -0.202266306 0.082376160 0.164355233 0.986040533 0.026673252 0.003431202 0.195290044 -0.059033249 0.978967249 -0.076902986
0.967563331 -0.156456441 -0.198350072 0.068496160 0.164585948 0.986043811 0.025079023 0.004728111 0.191658095 -0.056911170 0.979810357 -0.076351702
0.967309296 -0.157553568 -0.198720619 0.068290927 0.165506408 0.985917628 0.023958417 0.006343885 0.192147419 -0.056064725 0.979763269 -0.077156708
0.966860414 -0.158459902 -0.200178742 0.069986336 0.166176558 0.985845149 0.022243174 0.009561462 0.193820566 -0.054771051 0.979506850 -0.077144884
0.966173112 -0.158413470 -0.203505978 0.078407407 0.166823938 0.985676110 0.024748448 0.005904693 0.196670488 -0.057860948 0.978760839 -0.080454402
0.966224611 -0.159456477 -0.202444583 0.070068821 0.167233199 0.985676527 0.021795243 0.009241545 0.196069464 -0.054914545 0.979051173 -0.077441029
0.966768861 -0.157807305 -0.201134339 0.057332102 0.165161312 0.986059427 0.020212384 0.007640011 0.195140734 -0.052760307 0.979355037 -0.071246505
0.966887176 -0.156968296 -0.201222166 0.056139965 0.164393067 0.986179233 0.020627180 0.006192252 0.195203289 -0.053023674 0.979328394 -0.072383724
0.966846645 -0.156531081 -0.201756686 0.055229969 0.163845599 0.986283720 0.019971833 0.005865606 0.195863143 -0.052366629 0.979231954 -0.070344910
0.965890169 -0.158402547 -0.204853684 0.061099578 0.166097313 0.985889494 0.020816250 0.007716106 0.198665798 -0.054131839 0.978571236 -0.070512347
0.966138303 -0.157581955 -0.204315603 0.059128888 0.165108025 0.986068249 0.020216705 0.006858611 0.198283359 -0.053266268 0.978696227 -0.072006412
0.965245187 -0.159213260 -0.207251340 0.064674541 0.167195722 0.985689938 0.021471191 0.005652876 0.200867072 -0.055376489 0.978052020 -0.071966536
0.965758741 -0.155393302 -0.207757413 0.064518929 0.162721634 0.986497581 0.018553885 0.006172680 0.202069044 -0.051725194 0.978004336 -0.071901686
0.965076745 -0.156295419 -0.210235298 0.066953368 0.163978368 0.986270964 0.019511880 0.005387401 0.204299346 -0.053304497 0.977456093 -0.071775839
0.964924693 -0.156498924 -0.210781112 0.065635704 0.163305774 0.986458778 0.015172145 0.009475841 0.205552459 -0.049061742 0.977415562 -0.069900304
0.964817286 -0.157340169 -0.210646614 0.058767810 0.164543629 0.986223161 0.017004512 0.006201488 0.205069095 -0.051066779 0.977414370 -0.068201557
0.965876281 -0.156806409 -0.206142575 0.052677497 0.163971409 0.986300170 0.018035686 0.005560690 0.200490296 -0.051221728 0.978355765 -0.076861180
0.965328813 -0.155921504 -0.209353521 0.054760769 0.163572326 0.986336052 0.019632194 0.002935682 0.203431815 -0.053195957 0.977642953 -0.072420634
